-203
69
-35
-51
149
16
-66
-106
68
-82
176
81
72
75
-73
-106
123
-137
-27
-76
-102
-73
86
-11
224
168
17
-136
-108
-96
-98
-103
-43
-52
118
-55
-82
69
-151
-5
-100
62
-145
-37
87
39
123
-69
-52
21
-2
94
-29
-36
-111
-54
-74
99
-59
-206
-119
88
-55
-64
-88
-59
101
12
-129
-35
-85
-59
26
11
-118
-36
-159
-146
-125
13
-54
-121
51
-45
-31
-43
58
-71
95
-190
-95
-26
-41
76
113
54
-81
132
91
-25
73
-124
-49
42
6
-80
-82
-102
-68
-99
-110
52
-56
36
22
-41
-32
-57
-17
-69
22
-83
-62
-164
1
-132
-29
-72
-52
34
160
-68
83
-46
-80
122
-67
-23
-161
-70
90
-83
-43
-47
-194
-38
-173
1
-83
-133
-32
-40
-83
-185
-58
-22
-107
91
122
-37
-13
20
152
104
-14
-75
82
-72
-39
-78
-35
-72
97
78
-61
-21
-170
5
-127
-75
-144
-67
-159
-77
-103
-137
91
-75
58
156
-52
57
-102
-50
-35
5
-5
48
-44
79
-98
1
-8
-42
-60
-38
-103
133
-44
28
15
31
-12
47
-93
-15
-139
51
-73
-4
-92
-104
63
-71
-10
-73
-85
-18
-49
67
2
-38
244
-115
-121
62
57
-68
-36
-80
43
-52
48
153
-71
-136
-29
-16
14
-10
-43
-28
-1
49
106
-52
68
-80
-160
102
-100
-172
65
-75
34
-64
45
-60
46
115
-45
105
-69
-41
-165
-31
-46
-94
147
61
41
-150
-18
-149
-43
-171
30
-86
69
-96
16
48
7
-44
-44
-107
-5
-109
-154
122
-81
-96
-100
-58
-48
-34
-7
112
34
243
-196
-63
108
-86
-70
-192
15
-138
-65
-94
-142
-62
-164
-166
150
20
62
89
-132
2
28
-119
47
-58
-127
-27
-2
-85
-161
-58
-78
-107
-69
8
-105
-11
-147
-130
-137
-92
78
-54
117
-84
11
89
-132
7
-24
-62
-111
-142
22
74
65
-67
-45
-106
-189
-151
94
-46
-42
20
-87
-51
-13
-54
-45
-39
-121
-56
238
-82
-96
23
32
-44
-173
-89
-8
-53
-77
-76
-33
23
-57
-93
-63
-120
109
-79
-43
-105
-131
-83
22
-82
-38
42
5
-117
-82
39
105
-60
117
30
75
-84
55
-70
-40
-149
-70
92
-136
-23
138
-48
119
-85
-50
164
-127
132
-42
-22
-4
16
43
-169
-146
46
78
-72
-84
-107
18
-129
-67
-11
-74
-92
-51
-70
-14
-213
-76
2
14
-44
-92
-67
-73
-90
150
-3
126
-45
-20
150
40
135
5
-12
-40
-114
-62
-225
-20
-141
-50
-98
-48
-28
132
-5
9
-147
-88
-69
-60
-39
64
-55
-60
-166
48
-74
51
26
57
-72
-77
-72
-21
25
-6
-10
-15
-92
186
-16
10
55
-2
-121
-65
-102
-89
-94
56
-81
-12
116
-49
72
67
-131
-128
-76
-81
61
-84
-64
-67
72
-21
14
-86
-70
14
-161
-116
71
-17
-95
-114
-135
-146
-135
-95
55
-113
-120
-52
81
21
-150
-89
76
68
-54
-160
-31
-70
84
-159
34
140
100
11
11
45
29
-271
121
-31
-56
-22
8
-52
-102
176
-59
49
146
-64
-14
39
173
-58
-117
51
112
-85
-16
-17
-75
-137
-135
89
-10
-75
-12
-170
-32
-64
181
33
-145
-35
-72
-187
-165
-8
-62
-37
40
-73
-58
7
40
-50
-132
-74
-3
-63
-70
-82
-121
70
-62
-129
-78
-44
-69
86
46
19
17
-91
-80
-149
-119
-20
33
54
35
55
65
-91
-165
93
-147
-82
-125
100
148
38
56
-57
-72
-56
-7
-21
-148
-130
55
-63
-74
125
-91
-64
160
-8
-102
-103
103
-6
-63
-90
-107
-95
-100
141
-2
-33
152
59
51
-56
40
-208
-14
-114
88
-89
-95
-85
122
81
39
89
-97
-81
49
32
100
89
-39
58
-49
-108
-50
-167
-67
-14
-117
-81
-62
-91
-97
-73
-26
-55
-38
-54
27
-97
-174
80
-69
-68
190
-99
-101
67
-5
-131
-109
-95
-30
-90
-77
-16
-142
-111
99
-133
-7
-86
35
-201
-10
-136
-54
-40
-152
123
107
-97
-137
-29
41
-72
30
-48
-92
144
-104
-170
-54
-161
-31
52
-92
-74
-36
-82
75
-91
-76
104
-65
-161
-32
-66
-185
-49
93
-101
-31
-47
53
-46
39
-41
139
-144
17
-101
-69
71
62
-86
-99
30
-39
-66
-7
-37
-137
46
-97
95
-16
-35
2
106
34
-52
-94
61
-70
-111
57
94
-21
12
12
-135
70
75
-53
-73
-11
52
-158
-90
-60
-67
173
69
-14
-53
213
-99
-82
-44
-117
-100
-83
-38
-38
-63
-72
91
-121
-101
-123
62
97
-105
-108
-67
2
-41
-132
99
-10
4
-61
-118
97
88
-91
124
92
68
-120
148
129
97
-148
-59
29
-63
-154
-184
67
53
-51
-93
91
-87
-115
62
-109
-102
-46
112
-51
-71
-4
-106
-44
-71
-1
-53
3
32
-65
-32
8
-98
-145
-34
-53
-41
-116
21
-67
54
-72
-128
79
15
-171
104
-42
33
-81
-111
-52
5
-85
79
58
-101
-75
146
-44
-8
19
-61
-55
-85
-16
5
81
62
-68
-73
60
-89
-31
2
108
31
-58
-127
-102
102
101
66
65
-182
39
38
-48
-70
-93
162
-138
-32
-34
-63
68
2
-82
-65
-75
-81
-135
-26
-97
-61
-81
9
-60
79
74
-34
10
25
-20
-42
-16
-84
53
-132
17
-148
-172
41
161
-50
33
-21
48
34
-126
-108
-75
-78
-202
92
-139
-107
13
75
54
21
105
-116
-141
-100
39
-153
-97
59
52
90
-56
189
-54
-111
-141
-198
-101
79
-56
-209
47
-77
-132
106
29
61
-221
-88
-38
-72
45
-62
119
-104
-121
-58
16
42
-5
-67
74
-24
-173
-76
-56
76
-281
-64
-77
78
27
-56
-129
210
-100
-85
82
-253
74
-67
-135
-83
123
-9
124
7
-83
-68
23
-148
-42
-88
-144
-110
-99
75
-158
-93
-123
42
86
72
12
25
-258
-121
-98
21
81
109
-70
55
-135
94
4
-82
-30
-143
-238
-76
170
59
49
45
57
23
-155
109
-45
-158
-52
-59
-109
-55
-9
46
61
-8
90
-11
-105
-83
51
-114
-111
-146
-164
27
67
-103
-3
103
-131
209
81
-78
-129
-62
-95
-18
-110
53
130
-96
101
47
-109
-79
139
-168
30
76
-60
113
56
-72
59
-40
42
-40
-142
-8
-148
-119
-125
-29
-115
29
-40
-23
-100
191
91
-57
175
-170
-178
38
-75
115
-140
-123
-12
-35
-24
-172
-112
-80
-62
120
118
12
-120
-53
83
-80
-54
-155
-108
-30
-42
26
19
58
34
-95
121
64
-25
18
18
-148
-86
-15
-45
44
-88
-89
-35
-84
-141
-73
-56
2
-100
-153
-9
15
104
64
59
-73
-21
-5
-123
41
-214
-75
-106
7
-33
-116
20
-48
-84
80
-123
-96
-38
51
-43
-38
-111
-27
16
-62
-150
115
227
179
32
-106
-101
-176
55
15
-35
-99
21
12
260
-120
-100
-106
-84
16
1
-69
-14
199
60
162
-82
72
16
-30
-27
-157
101
8
-23
98
-39
-84
-47
140
-95
-192
-120
-43
-131
-95
-92
43
-20
42
-136
114
165
-103
-6
-66
200
-77
104
-130
61
113
-2
-72
21
184
-176
-136
-94
31
-85
-39
-101
131
-82
-47
-153
75
-58
-115
-55
104
-17
-101
-125
-76
-89
-123
-108
-72
-22
-132
129
-115
-117
141
158
-116
186
-14
-29
122
-135
-86
-51
125
-98
44
96
-63
-141
-18
-131
127
-43
48
-4
-26
41
-85
-44
-109
5
-101
-20
-41
-159
-26
-55
-97
172
-25
122
-36
73
-130
-84
-78
163
132
-101
100
111
-65
-128
-84
-21
219
153
-11
-273
-97
-171
-80
-143
60
-145
67
66
75
-80
25
-38
-69
134
-41
63
-118
-76
-55
215
17
-98
-82
25
-46
-173
-136
9
3
-38
-77
-44
-34
-90
-89
133
-146
112
14
-151
-128
-50
-55
-84
-102
105
68
14
41
92
48
-79
-34
-84
72
-126
21
161
-3
-59
216
-32
118
67
35
226
123
-22
129
-54
199
70
-93
-85
110
-16
106
-126
-47
56
-101
73
117
-35
-55
-21
-70
52
27
77
-129
-84
-35
121
9
-132
20
36
-69
-109
-60
-112
104
-22
-68
145
-144
-24
105
-109
205
109
138
-125
-33
-110
72
103
-181
-64
-62
-93
-115
-69
-29
78
129
-55
2
-52
-154
195
-22
-21
-24
128
175
90
-91
216
165
-171
68
116
-19
205
40
-137
109
-279
-129
-70
-27
152
-254
-161
-139
71
-4
17
-50
-54
-115
37
-121
-118
11
103
-116
162
-50
93
-105
-67
-79
-184
-178
-27
-101
-60
91
-158
54
83
-46
193
65
153
-180
79
-96
-267
117
-132
-83
24
84
-66
-31
-48
-20
-82
124
33
77
-67
48
28
156
-117
-38
-43
-149
-149
-54
81
-230
-140
-56
-93
-95
24
-38
-106
-28
-54
-57
-77
-61
119
-102
-85
8
-141
-125
-170
28
85
-39
-112
-99
112
-156
120
-155
-54
-83
-72
144
-201
-183
4
-42
224
-68
241
119
-140
29
-37
96
28
-178
30
4
-53
-51
-194
41
-66
12
62
-64
0
44
154
1
141
202
154
123
-17
-110
-61
-110
-30
-68
28
-95
-158
-101
-57
-28
57
-28
-109
-88
9
-96
-80
-121
34
-118
-182
127
106
72
-95
11
24
-88
-85
46
-58
79
-96
-100
75
-36
-77
-98
100
-147
-88
1
113
-151
-150
-113
24
-65
2
31
119
-57
-95
-107
-32
-63
105
28
-90
64
64
-91
-72
-117
-11
-155
-99
-53
-129
-171
119
114
21
-154
-9
-118
-137
-111
-76
-15
125
26
-120
-205
59
-66
159
78
-113
93
-106
163
-4
75
-102
-123
-188
-132
-72
-166
-66
-52
-30
-206
0
51
-57
100
-54
-57
57
-219
-116
-107
-82
-140
131
39
60
-32
62
137
-54
-38
-134
55
108
58
205
-134
122
61
79
68
-10
-94
-52
-54
-59
-84
-92
48
-100
-17
-50
-114
47
-60
30
131
-157
-218
-54
-175
105
-39
23
-215
-48
108
202
-86
-38
-115
89
136
-130
-213
-50
-176
-119
-145
-126
-51
57
107
-96
-55
152
-31
-20
-83
67
-124
-161
13
-39
-167
-188
22
38
119
-134
-3
62
-49
-135
-75
-43
-99
62
9
85
-34
159
-55
-86
116
60
-70
234
-54
-35
43
-12
121
124
49
158
-148
15
62
-227
-5
52
-23
-102
9
-32
-114
-2
-37
42
-42
-27
-79
-135
-76
-63
-23
-13
-1
-206
101
-96
-63
178
89
146
64
-173
-33
-104
94
1
117
117
-22
131
-46
-7
-8
-70
54
-19
51
-147
53
14
-42
130
-121
-127
-67
-164
-106
-36
46
117
69
40
-9
-98
-69
25
131
25
1
-105
99
82
-43
-162
-157
-12
37
-48
145
3
-94
-31
-70
-43
103
22
104
-68
21
-51
-85
-68
-81
131
-123
-89
-106
-110
-68
-67
-182
-43
-83
40
-144
4
-87
-44
-92
-161
-74
61
70
-71
-54
-211
-101
44
-20
-60
46
-42
106
129
-84
-99
-25
-103
60
-71
-131
-81
-103
-34
63
-12
-29
-20
116
108
-66
-78
53
-52
-128
84
145
-27
135
-67
-24
-160
76
-196
-80
-51
102
-18
-123
86
-79
-8
-142
52
-91
-133
-44
31
-76
-190
-16
61
-106
35
102
209
-89
74
-42
50
-55
33
-114
0
-34
15
-100
-13
-118
-126
-141
32
61
35
-152
60
31
-32
14
33
-47
-126
21
39
-20
-56
-17
195
105
78
78
29
-101
111
197
-20
-1
-43
119
-67
9
-55
-128
-88
-94
37
-15
101
-80
-79
37
40
2
-66
-47
-19
236
0
105
-254
109
166
-89
-166
-152
111
-46
-82
103
-48
-9
-221
16
40
-171
-117
-76
46
10
-35
-246
-82
-64
69
-47
-100
-160
60
-47
-68
67
-205
-53
57
49
-115
-51
-62
127
-121
-59
69
-131
81
-9
-268
-151
-52
119
205
103
-59
122
-40
-71
-91
15
-133
-38
-105
-137
-82
-90
-146
46
-56
-123
-21
78
-73
168
-240
-43
-30
51
56
-44
82
-53
104
-179
-167
102
-96
151
76
-72
89
-60
81
-181
-52
-28
79
132
-32
32
-42
15
107
-56
80
166
107
-89
-120
45
34
-103
70
40
-218
-21
-70
-160
-203
-49
104
132
-98
17
-105
40
91
-97
-55
-48
94
49
-63
-191
61
37
102
-88
226
-217
140
-90
83
3
-166
98
-69
-64
-69
-111
-106
-39
-164
53
-114
-40
-88
-180
95
-77
-143
-71
-152
-26
-74
-109
-47
-103
108
-224
-73
-131
100
56
38
-155
67
-89
-131
47
6
-137
-87
-70
51
-44
-96
4
10
-140
143
57
-22
-81
-112
53
172
-207
-71
13
135
41
74
-30
-95
33
-98
-40
-106
285
-59
20
-140
-105
-121
-31
-35
132
-148
-177
125
83
-65
-110
-135
33
-177
-84
-242
73
43
38
-108
-210
-33
-18
92
-85
72
103
63
-88
21
91
45
-149
-130
20
-168
15
-76
-121
-29
32
82
-55
-57
-238
-44
8
-34
-167
-54
-73
12
-109
90
-87
-93
-128
-44
-103
-86
-40
-102
24
-151
-63
-75
38
30
79
-16
-91
24
-53
-282
-30
57
44
-75
26
-130
81
-133
-7
31
-69
-130
-99
-31
-112
-113
170
-132
-53
-70
129
-191
44
-73
-4
0
63
-117
-10
71
179
0
-176
34
107
-126
-46
44
121
-150
-104
199
-106
-101
-81
-133
-103
38
-77
108
124
186
-96
62
-70
160
-135
-51
-77
-137
-120
20
-25
38
-165
-69
54
44
191
141
5
-158
-148
96
86
90
-95
106
-29
-100
193
-49
-233
-128
-37
-8
141
-80
-29
-53
-105
-87
-117
-103
-112
158
-125
-69
-100
-84
-45
32
94
46
-102
-43
-65
-38
-152
-134
130
-105
56
-30
-252
127
99
-91
-69
-224
-127
-97
-142
-171
-60
54
107
36
-190
125
-35
-130
-90
-56
178
63
-23
-15
-46
-75
97
-107
-148
81
-38
76
137
-134
66
-132
-41
-115
-126
-74
110
23
-63
7
-65
-165
-28
7
-57
30
152
152
-49
-78
-5
-75
-106
71
-12
-28
-67
-97
88
-71
10
-179
123
-209
-92
-10
-24
-193
184
74
-97
-149
-83
174
148
-53
-43
76
-5
69
-72
-121
-221
-58
66
19
-59
34
48
-88
-85
-82
-22
21
38
97
59
-231
-120
-23
22
-52
-125
-66
121
-135
-185
181
74
-23
-19
-43
-64
-131
-168
-83
113
-56
71
-1
-34
-122
101
-102
136
61
69
-7
-11
-72
-76
-69
-45
127
-127
157
-92
-33
-87
-181
46
-46
184
-113
163
-101
-86
-52
97
-51
125
-136
54
95
70
-40
-54
-68
-63
-120
85
-129
-67
-27
70
-84
52
-230
39
338
-71
-55
-68
-147
-48
-111
77
-216
51
-82
-64
-96
100
-76
-73
-25
146
-71
-44
59
-98
105
49
-70
-91
89
-144
-102
-173
-108
-102
-159
36
-14
-148
21
-95
33
-136
-135
-6
-3
40
-157
121
163
-119
-111
-35
20
102
-44
275
-8
-36
28
-54
23
-131
-38
44
-37
-96
-184
209
-66
51
-5
-139
-19
-158
-64
163
179
74
-49
91
114
-93
58
107
-137
94
-47
-55
-86
-57
-36
96
-54
-80
86
-25
107
-61
-99
131
-219
-78
-91
13
52
39
72
-138
-112
-180
-42
34
-100
56
103
-41
-29
-177
-44
106
-93
-2
1
-75
-79
175
179
-70
-47
-111
45
58
-69
-112
-68
116
-145
-142
-60
-88
60
208
36
-49
-91
-129
-140
-110
55
-11
-68
-131
175
-58
-61
202
194
-119
-16
-100
-182
9
-90
-15
99
27
40
80
-79
77
-86
211
-170
70
-90
-101
-145
-116
109
-71
45
-48
46
20
42
-30
56
49
-145
124
-6
-56
-36
-92
59
-98
-4
-126
136
-73
-120
-102
-47
-43
6
-49
-78
-12
2
10
-141
-39
-35
55
255
-86
150
175
-13
-65
3
-81
-93
7
-38
-63
-127
-54
38
68
-171
45
87
-112
24
52
63
-74
51
61
54
102
-60
-190
-108
-49
-112
111
-39
-95
-36
-114
-44
-33
-104
3
-179
-81
79
-77
-73
-6
79
-83
-47
-189
-167
-18
-37
-192
-32
-76
91
-21
-61
6
-129
-137
-36
-56
-93
45
-4
-68
213
-28
-72
-22
-46
-69
-55
-125
-57
-33
33
117
-12
-57
132
-114
-20
-101
-94
72
-65
-61
-51
-65
7
-75
14
-121
-6
-18
-167
37
-110
-173
-3
-59
4
-131
-57
-83
77
-159
-56
-100
-112
-149
53
-198
-66
53
91
-96
-25
96
-63
86
-44
-124
3
92
32
-113
-60
-35
-85
26
-19
-46
44
-45
114
142
-74
45
-247
0
18
-73
-75
-61
-73
-37
238
83
14
-26
-63
-124
25
-19
125
0
-137
50
-32
-81
183
-23
-73
-41
9
-81
-58
-80
8
42
-30
-113
-57
-93
-75
-164
-63
94
-101
-100
-162
-132
-84
-170
49
-67
33
-50
-141
-124
-228
-89
-141
8
78
-100
-65
-42
73
62
33
-65
-36
-114
-58
-70
-71
75
-36
139
-133
-58
-70
-77
8
-128
-6
-182
0
-114
-64
-1
121
-37
-68
-6
28
-43
107
8
-20
56
-55
-24
46
-91
-32
-58
-55
-64
58
-53
-98
-117
48
-132
59
46
-72
74
-131
3
93
-98
51
-59
84
-184
-45
94
-40
-7
-93
-106
25
-91
85
40
76
-126
-51
87
187
52
-85
9
-37
40
-34
70
176
-99
252
-83
-22
54
-82
11
-28
-11
-87
-47
145
9
-123
-177
64
-28
-59
-8
-64
-27
-149
72
-10
-31
34
-155
-63
-111
23
-205
-48
-16
105
-49
-74
89
194
36
-93
-92
-140
-71
-82
55
-196
-129
150
-108
3
-4
-34
-155
-20
44
62
-75
-99
-100
-41
-120
-68
121
165
-31
-144
156
-121
-109
-87
-10
-107
7
-144
190
-89
-169
-83
-239
-90
-112
-24
-251
136
-127
-86
37
-5
25
-82
27
-17
-52
-106
71
-89
-60
-131
10
-115
145
-74
-64
-195
-57
-111
-63
17
-122
-44
-85
16
-140
-9
4
-39
-46
-93
-110
2
56
-30
-78
120
185
-212
32
75
-72
-61
-132
56
39
-120
-62
-35
-73
119
-171
11
81
-80
-98
-11
-111
54
2
118
-131
-27
-117
-40
-7
-93
-136
214
117
98
-199
23
60
-62
-50
87
-92
75
-88
-79
120
69
-166
38
75
-108
59
-40
-6
-94
27
-69
-58
-174
-73
-119
92
-62
24
-10
-132
-150
-152
14
-78
-55
19
-92
108
-111
15
-3
-50
-57
-98
-75
-51
2
-74
-136
-80
-75
-90
-55
-70
179
-118
65
28
-81
-137
-33
-51
-77
-105
-66
-91
-31
43
42
-74
-109
-43
1
114
-99
-60
91
-82
-158
-32
39
55
99
92
30
43
-40
76
-3
-91
-19
-235
-81
-186
-26
-60
89
37
56
-18
9
-22
-32
-56
32
24
-93
-55
-39
49
-57
-127
56
-50
-122
-92
-86
75
98
10
-153
-127
42
-115
-31
-102
-118
-45
-72
42
-31
-1
-56
-38
39
-4
72
-113
-59
48
-149
-174
-77
64
-21
-96
-15
47
-70
-153
-85
85
-44
-171
33
148
87
-109
-98
121
1
86
31
-54
13
-5
-81
-63
-55
109
-200
-101
154
-131
41
-23
67
-125
51
-124
-47
47
33
53
2
-78
65
65
62
-122
-25
172
57
307
-25
-16
3
-93
-149
-84
97
108
55
-84
33
117
-206
39
-104
70
109
-122
-59
-77
-53
46
-90
-52
-141
-94
-95
-111
-33
127
-11
-146
12
87
-12
13
-24
-22
-137
67
-122
-98
-61
-94
166
-87
-134
1
-117
-29
-46
162
-118
-90
16
44
75
-92
-2
-87
-62
23
-150
-67
74
20
-38
-71
87
-29
-94
-136
71
-126
-125
-103
-147
86
-113
111
86
-51
-30
-103
-121
57
-92
-23
-90
63
12
-168
295
-165
104
-32
-97
-35
86
-13
-164
88
-179
-175
145
-42
125
-69
42
-90
69
-28
-132
217
-89
-18
-76
-127
-128
-52
48
-27
-136
-94
120
-135
141
-115
-47
-30
-163
-30
43
-41
-110
39
-63
-152
228
-23
-49
-26
66
-141
-67
-95
-9
-72
-128
-78
-93
33
-7
15
-51
-85
23
80
-195
-32
-180
-129
-42
57
60
36
80
-17
-139
114
117
103
-57
49
135
-109
-55
-26
191
-113
-16
-31
-24
-67
16
-69
-113
-154
41
98
-56
151
-162
-51
-173
65
-67
-85
-17
47
140
-40
28
0
-92
-69
71
23
28
-17
49
72
-122
-116
116
181
-67
31
143
-74
-58
-100
-31
-111
-103
-72
130
15
-34
-92
107
9
34
-14
-136
-54
73
3
71
-21
-130
-72
-112
-48
67
-95
24
-94
-9
148
-133
-256
66
10
-78
-50
98
-39
74
9
27
-82
-75
15
-103
103
47
-40
-181
34
-43
160
-108
40
-35
63
93
-112
157
-4
-182
-37
88
-97
-55
-93
-83
-64
40
-110
-120
-124
-170
54
-87
-3
-22
-25
-87
-21
86
-13
111
51
-64
26
32
-61
30
-88
-80
-94
111
49
-70
-33
-59
-113
19
-54
-167
11
114
44
48
75
-69
-52
-137
-20
-25
-83
-146
76
-58
3
-71
75
78
-76
-119
-99
8
-59
-51
173
-61
153
108
-161
-214
168
-69
-71
-112
-102
99
-73
-100
-58
47
-118
-75
105
-80
-62
127
-36
-111
-33
-45
-94
43
-16
-73
97
-44
189
-89
-46
105
65
-83
-121
-84
35
-2
-91
26
-148
-71
-61
-91
-119
45
-164
186
75
-125
96
111
-163
-184
111
-107
-100
123
-83
66
-52
132
-35
-203
95
-184
-127
70
-48
-73
-138
100
112
-219
-76
72
-52
92
28
34
-103
-192
117
66
217
24
66
-94
131
-71
72
78
-156
18
138
128
-297
111
88
-106
49
-93
30
17
22
-81
139
-128
-192
1
-69
-99
247
-142
-132
-202
206
153
44
-161
30
-156
-171
-60
99
-176
-105
68
-249
145
93
64
107
-88
-10
68
-104
-49
-59
6
138
-215
67
36
-81
-44
-88
-34
-114
110
-89
57
-42
49
-186
-142
-45
112
49
-173
69
-115
172
-178
76
-102
-88
-104
32
105
43
-186
272
-238
66
-207
140
-159
-69
-116
17
180
24
-39
-164
-20
-57
-76
66
152
-174
-50
-162
-69
12
217
131
68
-74
150
115
-109
-265
-58
45
-14
-106
-281
-77
121
-110
140
106
29
-51
-79
86
-118
-65
-93
149
-50
86
-92
-68
69
-111
-6
-58
-20
-24
83
22
-59
-260
129
-174
-68
-27
-44
107
-205
-74
-143
-122
-47
-63
-144
136
-21
33
-83
-81
-72
122
122
39
-110
149
81
69
-122
-40
-148
-45
-6
41
171
-70
-118
34
-91
38
-126
137
58
-150
-90
83
124
-73
-168
-39
142
-9
-23
-199
26
34
-157
90
69
-74
-23
60
-81
-63
-189
-43
-209
39
97
32
141
104
-69
134
-50
-90
-147
-64
-65
-105
-73
81
34
-8
7
-18
-151
121
-41
93
169
-5
-184
20
88
4
90
107
33
-100
48
-99
-102
-92
-58
-162
30
-118
130
-71
158
66
-135
-106
-60
-55
-268
-51
-253
-50
-29
126
-183
79
103
-245
81
-149
-61
54
-138
-269
-193
-161
-39
157
-105
56
-105
-72
-96
81
64
-227
78
-52
60
132
-155
103
-89
163
149
48
-169
63
-70
-48
85
-51
-172
-79
-73
-52
-101
36
-75
-151
-212
174
24
105
97
59
-36
93
114
-84
49
-52
161
-152
40
-80
-131
167
188
-162
67
-19
-173
-89
-71
-50
29
-153
-64
65
-152
-45
-331
19
80
-261
139
-33
79
-137
44
47
30
74
-104
-72
-131
-112
-15
-51
81
-124
33
52
48
50
107
-96
114
16
-150
87
-43
26
-61
42
141
45
-151
52
90
38
-163
-23
70
-89
7
126
-108
169
-83
-216
139
52
-114
-110
-171
-147
-30
-228
-60
-54
-209
-82
131
81
-77
-146
-75
-203
49
-111
107
-137
-106
-45
-175
43
-168
42
-188
69
7
78
36
78
-60
-52
116
101
-133
20
50
-148
-18
-6
55
-95
134
228
-167
119
-84
100
88
98
10
58
-163
-152
5
144
-32
-86
-31
-65
-98
-6
-139
-50
28
-86
-95
-43
68
-115
39
-85
-84
-138
-87
-25
175
73
46
-29
22
32
123
76
-116
-61
-134
86
-82
-38
-93
-114
56
-60
-212
105
10
-110
28
38
-77
120
15
89
-116
-59
74
138
-114
-97
-57
-161
55
-5
42
22
113
-110
110
193
-136
109
-50
-178
-81
-59
11
-36
54
-140
-105
-46
-145
58
-36
83
126
-48
-52
-64
-95
52
-135
-21
20
-101
39
-167
-159
20
-52
-91
5
-230
56
-97
-176
-150
-43
87
41
-151
42
-125
-38
40
76
-52
105
71
85
32
8
33
45
-194
-310
-54
6
-157
-6
-85
14
87
-112
-138
-14
-55
-83
-49
-69
-38
-116
-84
-64
147
58
-87
72
-21
112
-92
-132
20
16
25
45
45
-96
-121
-45
-52
65
-193
-53
-40
-32
68
195
45
132
-26
-37
77
-22
134
76
120
-85
104
-69
66
-17
-56
51
-81
-96
-283
74
-118
243
-3
-217
-50
177
53
-56
135
-199
-10
80
103
-67
83
178
-15
-246
62
95
-178
142
18
54
112
-71
-49
-128
-107
66
86
-113
-112
53
-30
-31
-65
30
-31
66
-57
-88
-76
-52
-142
67
-82
55
85
-80
-37
115
-7
-31
92
206
74
19
-133
-31
-71
104
175
-192
-19
108
-13
-100
68
122
-85
-68
-47
-38
-67
-24
97
-32
26
104
28
-5
113
-215
-50
159
3
-33
-79
-50
-137
-98
119
12
41
-57
-170
-146
-97
-86
-107
142
-137
-76
55
48
-59
164
-25
12
-123
-149
179
-118
104
-77
-136
122
98
-134
57
41
35
-100
-150
49
-95
43
82
60
-128
-110
-176
71
108
-24
-2
16
-35
177
-94
26
-242
108
96
188
97
-37
7
-69
2
-18
-10
-92
128
5
-50
-110
-118
125
39
-155
-26
-143
57
-121
-55
86
157
-125
-53
-11
-61
-104
-254
253
-21
-48
164
-37
60
0
-2
84
120
-67
60
-167
113
23
131
94
-89
141
31
-141
27
216
31
-167
32
-207
61
-196
-67
-36
76
-283
-264
-87
41
58
-54
99
-82
-62
-53
179
179
-124
55
-78
-134
-54
-52
-122
-93
-10
-48
-56
-58
-79
-43
-70
-99
-44
30
-43
-86
13
109
-22
-100
-110
-147
-16
33
-170
-142
-157
-150
-99
33
-49
-136
-69
-49
-199
26
-64
-78
-107
25
100
-171
-133
104
-134
-100
-180
-253
142
-95
-118
79
-162
-87
-40
57
-6
6
87
119
6
-82
78
-59
21
-90
51
-192
-179
-19
-92
46
123
52
-192
-121
-4
18
30
117
-19
-77
-67
-70
-30
80
-36
-74
-88
-50
-71
-126
-109
-195
-68
-14
-55
133
-159
89
105
-106
-202
-103
-150